$ANSIBLE_VAULT;1.1;AES256
39663461376132633130313430626133613962313165396436616366643837363831646537343634
3366633564363734313362326630333330656634633533300a303135626232326166633636376662
66626534616330336331326630636639303339326234653862626236656639636334623865636636
6634396266653561610a323966636234396539616531323534353037303062333836343335306362
34633035326330346336663834363139666436323261376632353438383362393036366336333962
33386361363936623562336139343465356166363937363962363139636662663737396238656331
31633836663266623533383634666634333735646436326664353063326161653564343737616232
62663264663561356466623636363930303736626137393764383835343835653038306163663439
33363935396439663561343465663361363463373139396661336165316233313630343533636633
62346661343630636231646232656535326137303538383763303463346635356161623337316264
34643261653163336639363466346562316139613561636133666363636638363235656531623533
65383434653138616664633066653963656264363433333633653533313961653063386565613261
64373931653362386666653532366438323366386330316632303437326332626331653465656237
64363561343736373232656132383437663261333736323134626164303466333465646237643839
64643830336132336639313739666336653866323233383465336662663364323531343830303562
35386131336336643564326230366533613237303638316162663661313962666462356231353862
38306365353034316237383033346463396436356537383062663930386232303930366430323262
63636133323361646434613364353564386430336137363165306432616664313262626663613531
30353562323866336466373039323462666430643364323865613230323330393031643832376336
63396534656331363031653032626563663737376539623432383930363933343165666362623166
62393461396364383665303233356431396364326235386335303164663930393366383562366365
65396333346538313064313236323236653961346263326661366337383830353138383234366638
61623739346666626363336539313933303434623764663966323738616165646265363430393164
35313165336664353862626266343966306463623365626562363034333531303433376234303134
3630
